Number of Walls: 665
Wall 1
0 0
Wall 2
64 0
Wall 3
128 0
Wall 4
192 0
Wall 5
256 0
Wall 6
320 0
Wall 7
384 0
Wall 8
448 0
Wall 9
512 0
Wall 10
576 0
Wall 11
640 0 
Wall 12
704 0
Wall 13
768 0
Wall 14
832 0
Wall 15
896 0
Wall 16
960 0
Wall 17
1024 0
Wall 18
1088 0
Wall 19
1152 0
Wall 20
1216 0
Wall 21
1280 0
Wall 22
1344 0 
wall 23
1408 0
wall 24
1472 0
wall 25
1536 0
wall 26
1600 0
wall 27
1664 0
wall 28
1728 0
wall 29
1792 0
wall 30
1856 0
wall 31
1920 0
wall 32
1984 0
wall 33
2048 0
wall 34
2112 0
wall 35
2176 0
wall 36
2240 0
wall 37
2304 0
wall 38
2368 0
wall 39
2432 0
wall 40
2496 0
wall 41
2560 0 
wall 42
2624 0
wall 43
2688 0
wall 44
2752 0
wall 45
2816 0
Wall 46
0 4416
Wall 47
64 4416
Wall 48
128 4416
Wall 49
192 4416
Wall 50
256 4416
Wall 51
320 4416
Wall 52
384 4416
Wall 53
448 4416
Wall 54
512 4416
Wall 55
576 4416
Wall 56
640 4416
Wall 57
704 4416
Wall 58
768 4416
Wall 59
832 4416
Wall 60
896 4416
Wall 61
960 4416
Wall 62
1024 4416
Wall 63
1088 4416
Wall 64
1152 4416
Wall 65
1216 4416
Wall 66
1280 4416
Wall 67
1344 4416
wall 68
1408 4416
wall 69
1472 4416
wall 70
1536 4416
wall 71
1600 4416
wall 72
1664 4416
wall 73
1728 4416
wall 74
1792 4416
wall 75
1856 4416
wall 76
1920 4416
wall 77
1984 4416
wall 78
2048 4416
wall 79
2112 4416
wall 80
2176 4416
wall 81
2240 4416
wall 82
2304 4416
wall 83
2368 4416
wall 84
2432 4416
wall 85
2496 4416
wall 86
2560 4416
wall 87
2624 4416
wall 88
2688 4416
wall 89
2752 4416
wall 90
2816 4416
Wall 91
0 64
Wall 92
0 128
Wall 93
0 192
Wall 94
0 256
Wall 95
0 320
Wall 96
0 384
Wall 97
0 448
Wall 98
0 512
Wall 99
0 576
Wall 100
0 640
Wall 101
0 704
Wall 102
0 768
Wall 103
0 832
Wall 104
0 896
Wall 105
0 960
Wall 106
0 1024
Wall 107
0 1088
Wall 108
0 1152
Wall 109
0 1216
Wall 110
0 1280
Wall 111
0 1344 
wall 112
0 1408
wall 113
0 1472
wall 114
0 1536
wall 115
0 1600
wall 116
0 1664
wall 117
0 1728
wall 118
0 1792
wall 119
0 1856
wall 120
0 1920
wall 121
0 1984
wall 122
0 2048
wall 123
0 2112
wall 124
0 2176
wall 125
0 2240
wall 126
0 2304
wall 127
0 2368
wall 128
0 2432
wall 129
0 2496
wall 130
0 2560
wall 131
0 2624
wall 132
0 2688
wall 133
0 2752
wall 134
0 2816
wall 135
0 2880
wall 136
0 2944
wall 137
0 3008
wall 138
0 3072
wall 139
0 3136
wall 140
0 3200
wall 141
0 3264
wall 142
0 3328
wall 143
0 3392
wall 144
0 3456
wall 145
0 3520
wall 146
0 3584
wall 147
0 3648
wall 148
0 3712
wall 149
0 3776
wall 150
0 3840
wall 151
0 3904
wall 152
0 3968
wall 153
0 4032 
wall 154
0 4096
wall 155
0 4160
wall 156
0 4224
wall 157
0 4288
wall 158 
0 4352
Wall 159
2816 64
Wall 160
2816 128
Wall 161
2816 192
Wall 162
2816 256
Wall 163
2816 320
Wall 164
2816 384
Wall 165
2816 448
Wall 166
2816 512
Wall 167
2816 576
Wall 168
2816 640
Wall 169
2816 704
Wall 170
2816 768
Wall 171
2816 832
Wall 172
2816 896
Wall 173
2816 960
Wall 174
2816 1024
Wall 175
2816 1088
Wall 176
2816 1152
Wall 177
2816 1216
Wall 178
2816 1280
Wall 179
2816 1344 
wall 180
2816 1408
wall 181
2816 1472
wall 182
2816 1536
wall 183
2816 1600
wall 184
2816 1664
wall 185
2816 1728
wall 186
2816 1792
wall 187
2816 1856
wall 188
2816 1920
wall 189
2816 1984
wall 190
2816 2048
wall 191
2816 2112
wall 192
2816 2176
wall 193
2816 2240
wall 194
2816 2368
wall 195
2816 2432
wall 196
2816 2496
wall 197
2816 2560
wall 198
2816 2624
wall 199
2816 2688
wall 200
2816 2752
wall 201
2816 2816
wall 202
2816 2880
wall 203
2816 2944
wall 204
2816 3008
wall 205
2816 3072
wall 206
2816 3136
wall 207
2816 3200
wall 208
2816 3264
wall 209
2816 3328
wall 210
2816 3392
wall 211
2816 3456
wall 212
2816 3520
wall 213
2816 3648
wall 214
2816 3712
wall 215
2816 3776
wall 216
2816 3840
wall 217
2816 3904
wall 218
2816 3968
wall 219
2816 4032 
wall 220
2816 4096
wall 221
2816 4160
wall 222
2816 4224
wall 223
2816 4288
wall 224 
2816 4352
wall 225
512 64
wall 226
512 128
wall 227
512 192
wall 228
512 256
wall 229
512 320
wall 230
512 384
wall 231
512 448
wall 232
512 512
wall 233
512 576
wall 234
512 704
wall 235
512 768
wall 236
512 832
wall 237
512 896
wall 238
512 960
wall 239
512 1024
wall 240
512 1088
wall 241
512 1152
wall 242
512 1216
wall 243
64 1280
wall 244
128 1280
wall 245
192 1280
wall 246
256 1280
wall 247
320 1280
wall 248
384 1280
wall 249
448 1280
wall 250
512 1280
wall 251
576 1280
wall 252
640 1280
wall 253
704 1280
wall 254
768 1280
wall 255
832 1280
wall 256
896 1280
wall 257
960 1280
wall 258
1024 1280
wall 259
1088 1280
wall 260
1152 1280
wall 261
1216 1280
wall 262
1280 1280
wall 263
1344 1280
wall 264
1408 1280
wall 265
1472 1280
wall 266
1536 1280
wall 267
1600 1280
wall 268
1664 1280
wall 269
1728 1280
wall 270
1792 1280
wall 271
1856 1280
wall 272
1920 1280
wall 273
1984 1280
wall 274
2048 1280
wall 275
2112 64
wall 276
2112 128
wall 277
2112 192
wall 278
2112 256
wall 279
2112 320
wall 280
2112 384
wall 281
2112 448
wall 282
2112 512
wall 283
2112 576
wall 284
2112 640
wall 285
2112 704
wall 286
2112 768
wall 287
2112 832
wall 288
2112 896
wall 289
2112 960
wall 290
2112 1024
wall 291
2112 1152
wall 292
2112 1216
wall 293
2112 1280
wall 294
832 64
wall 295
832 128
wall 296
832 192
wall 297
832 256
wall 298
832 320
wall 299
1152 64
wall 300
1152 128
wall 301
1152 192
wall 302
1152 256
wall 303
1152 320
wall 304
1472 64
wall 305
1472 128
wall 306
1472 192
wall 307
1472 256
wall 308
1472 320
wall 309
1792 64
wall 310
1792 128
wall 311
1792 192
wall 312
1792 256
wall 313
1792 320
wall 314
576 384
wall 315
640 384
wall 316
768 384
wall 317
832 384
wall 318
896 384
wall 319
960 384
wall 320
1088 384
wall 321
1152 384
wall 322
1216 384
wall 323
1280 384
wall 323
1408 384
wall 324
1472 384
wall 325
1536 384
wall 326
1600 384
wall 327
1728 384
wall 328
1792 384
wall 329
1856 384
wall 330
1920 384
wall 331
2048 384
wall 332
2368 64
wall 333
2368 128
wall 334
2368 196
wall 335
2368 256
wall 336
2368 384
wall 337
2368 448
wall 338
2368 512
wall 339
2368 576
wall 340
2368 640
wall 342
2368 704
wall 343
2368 832
wall 344
2368 896
wall 345
2368 960
wall 346
2368 1024
wall 347
2368 1088
wall 348
2368 1152
wall 349
2368 1216
wall 350
2368 1344
wall 351
2368 1408
wall 352
2368 1472
wall 353
2432 448
wall 354
2496 448
wall 355
2560 448
wall 356
2624 448
wall 357
2688 448
wall 358
2752 448
wall 359
2752 448
wall 360
2752 896
wall 361
2688 896
wall 362
2624 896
wall 363
2560 896
wall 364
2496 896
wall 365
2432 896
wall 366
2752 1536
wall 367
2688 1536
wall 368
2624 1536
wall 369
2560 1536
wall 370
2496 1536
wall 371
2432 1536
wall 372
2368 1536
wall 373
2304 1536
wall 374
2240 1536
wall 375
2176 1536
wall 376
2112 1536
wall 377
2048 1536
wall 378
1984 1536
wall 379
1920 1536
wall 380
1856 1536
wall 381
1792 1536
wall 382
1728 1536
wall 383
1664 1536
wall 384
1600 1536
wall 385
1600 1600
wall 386
1600 1664
wall 387
1600 1728
wall 388
1600 1792
wall 389
1600 1856
wall 390
1600 1920
wall 391
1600 1984
wall 392
1600 2048
wall 393
1600 2112
wall 394
1600 2176
wall 395
1664 2176
wall 396
1792 2176
wall 397
1856 2176
wall 398
1920 2176
wall 399
1984 2176
wall 400
2048 2176
wall 401
2112 2176
wall 402
2176 2176
wall 403
2240 2176
wall 404
2304 2176
wall 405
2368 2176
wall 406
2432 2176
wall 407
2496 2176
wall 408
2560 2176
wall 409
2624 2176
wall 410
2688 2176
wall 411
2752 2176
wall 412
1340 1536
wall 413
64 1536
wall 414
196 1536
wall 415
256 1536
wall 416
320 1536
wall 417
384 1536
wall 418
448 1536
wall 419
512 1536
wall 420
576 1536
wall 421
640 1536
wall 422
704 1536
wall 423
768 1536
wall 424
896 1536
wall 425
960 1536
wall 426
1024 1536
wall 427
1088 1536
wall 428
1216 1536
wall 429
1280 1536
wall 430
64 2176
wall 431
196 2176
wall 432
256 2176
wall 433
320 2176
wall 434
384 2176
wall 435
448 2176
wall 436
512 2176
wall 437
576 2176
wall 438
640 2176
wall 439
704 2176
wall 440
768 2176
wall 441
832 2176 
wall 442
896 2176
wall 443
960 2176
wall 444
1024 2176
wall 445
1088 2176
wall 446
1216 2176
wall 447
1280 2176
wall 448
1344 2176
wall 449
1344 2112
wall 450
1344 2048
wall 451
1344 1984
wall 452
1344 1920
wall 453
1344 1856
wall 454
1344 1792
wall 455
1344 1728
wall 456
1344 1664
wall 457
1344 1600
wall 458
960 2112
wall 459
960 2048
wall 460
960 1984
wall 461
960 1920
wall 462
960 1856
wall 463
960 1792
wall 464
960 1728
wall 465
960 1664
wall 466
960 1600
wall 467
1024 1856
wall 468
1088 1856
wall 469
1152 1856
wall 470
1216 1856
wall 471
1280 1856
wall 472
64 2432
wall 473
192 2432
wall 474
256 2432
wall 475
320 2432
wall 476
384 2432
wall 477
448 2432
wall 478
512 2432
wall 479
576 2432
wall 480
640 2432
wall 481
704 2432
wall 482
768 2432
wall 483
832 2432
wall 484
896 2432
wall 485
960 2432
wall 486
1024 2432
wall 487
1088 2432
wall 488
1152 2432
wall 489
1216 2432
wall 490
1280 2432
wall 491
1344 2432
wall 492
1344 2496
wall 493
1344 2560
wall 494
1344 2624
wall 495
1344 2688
wall 496
1344 2752
wall 497
1344 2816
wall 498
1344 2880
wall 499
1344 2944
wall 500
1344 3008
wall 501
1344 3072
wall 502
1344 3136
wall 503
1344 3200
wall 504
1344 3264
wall 505
1344 3328
wall 506
1344 3392
wall 507
1344 3456
wall 508
1344 3520
wall 509
1344 3584
wall 510
1344 3648
wall 511
1344 3712
wall 512
1344 3840
wall 513
64 3904
wall 514
192 3904
wall 515
256 3904
wall 516
320 3904
wall 517
384 3904
wall 518
448 3904
wall 519
512 3904
wall 520
576 3904
wall 521
640 3904
wall 522
704 3904
wall 523
768 3904
wall 524
832 3904
wall 525
896 3904
wall 526
960 3904
wall 527
1024 3904
wall 528
1088 3904
wall 529
1152 3904
wall 530
1216 3904
wall 531
1280 3904
wall 532
1344 3904
wall 533
1600 2432
wall 534
1664 2432
wall 535
1792 2432
wall 536
1856 2432
wall 537
1920 2432
wall 538
1984 2432
wall 539
2048 2432
wall 540
2112 2432
wall 541
2176 2432
wall 542
2240 2432
wall 543
2304 2432
wall 544
2368 2432
wall 545
2432 2432
wall 546
2496 2432
wall 547
2560 2432
wall 548
2624 2432
wall 549
2688 2432
wall 550
2752 2432
wall 551
1600 3072
wall 552
1664 3072
wall 553
1728 3072
wall 554
1792 3072
wall 555
1856 3072
wall 556
1920 3072
wall 557
1984 3072
wall 558
2048 3072
wall 559
2112 3072
wall 560
2176 3072
wall 561
2240 3072
wall 562
2304 3072
wall 563
2368 3072
wall 564
2432 3072
wall 565
2496 3072
wall 566
2560 3072
wall 567
2624 3072
wall 568
2688 3072
wall 569
2752 3072
wall 570
1600 2496
wall 571
1600 2560
wall 572
1600 2624
wall 573
1600 2688
wall 574
1600 2752
wall 575
1600 2816
wall 576
1600 2880
wall 577
1600 2944
wall 578
1600 3008
wall 579
1600 3136
wall 580
1600 3200
wall 581
1600 3264
wall 582
1600 3328
wall 583
1600 3392
wall 584
1600 3456
wall 585
1664 3456
wall 586
1792 3456
wall 587
1856 3456
wall 588
1920 3456
wall 589
1984 3456
wall 590
2048 3456
wall 591
2176 3456
wall 592
2240 3456
wall 593
2304 3456
wall 594
2368 3456
wall 595
2432 3456
wall 596
2496 3456
wall 597
2560 3456
wall 598
2624 3456
wall 599
2688 3456
wall 600
2752 3456
wall 601
2624 3712
wall 602
2560 3712
wall 603
2496 3712
wall 604
2432 3712
wall 605
2368 3712
wall 606
2304 3712
wall 607
2240 3712
wall 608
2176 3712
wall 609
2112 3712
wall 610
2048 3712
wall 611
1984 3712
wall 612
1920 3712
wall 613
1856 3712
wall 614
1792 3712
wall 615
1664 3712
wall 616
1600 3712
wall 617
2752 3712
wall 618
1600 3776
wall 619
1600 3840
wall 620
1600 3904
wall 621
1600 3968
wall 622
1600 4032
wall 623
1600 4096
wall 624
1600 4160
wall 625
1536 4160
wall 626
1472 4160
wall 627
1344 4160
wall 628
1280 4160
wall 629
1216 4160
wall 630
1088 4160
wall 631
1024 4160
wall 632
960 4160
wall 633
832 4160
wall 634
768 4160
wall 635
704 4160
wall 636
576 4160
wall 637
512 4160
wall 638
448 4160
wall 639
320 4160
wall 640
256 4160
wall 641
192 4160
wall 642
64 4160
wall 643
1984 3392
wall 644
1984 3328
wall 645
1984 3264
wall 646
1984 3200
wall 647
1984 3136
wall 648
256 4224
wall 649
256 4288
wall 650
256 4352
wall 651
512 4224
wall 652
512 4288
wall 653
512 4352
wall 654
768 4224
wall 655
768 4288
wall 656
768 4352
wall 657
1024 4224
wall 658
1024 4288
wall 659
1024 4352
wall 660
1280 4224
wall 661
1280 4288
wall 662
1280 4352
wall 663
1536 4224
wall 664
1536 4288
wall 665
1536 4352



